{
 "cells": [
  {
   "cell_type": "code",
   "execution_count": 1,
   "id": "56c47b20-d603-41d8-ac1d-62090669bc66",
   "metadata": {},
   "outputs": [],
   "source": [
    "# https://arxiv.org/abs/cond-mat/0703314\n",
    "# https://arxiv.org/abs/0808.3779"
   ]
  },
  {
   "cell_type": "code",
   "execution_count": 2,
   "id": "ec02df2b-af87-4c5e-9285-61e7e33d8b63",
   "metadata": {},
   "outputs": [],
   "source": [
    "import numpy as np\n",
    "import matplotlib.pyplot as plt\n",
    "from numba import jit"
   ]
  },
  {
   "cell_type": "code",
   "execution_count": 3,
   "id": "3489b80e-a902-4b66-a9c0-220a1af5778c",
   "metadata": {},
   "outputs": [],
   "source": [
    "@jit(nopython=True)\n",
    "def calc_rsks(L):\n",
    "    rs = np.arange(1,L+1)\n",
    "    ks = np.linspace(np.pi/(L+1.0),L*np.pi/(L+1.0),L)\n",
    "    return rs,ks\n",
    "\n",
    "@jit(nopython=True)\n",
    "def calc_eks(J,ks):\n",
    "    return -2.0*J*np.cos(ks)\n",
    "\n",
    "@jit(nopython=True)\n",
    "def calc_xkrs(L,ks,rs):\n",
    "    return np.sqrt(2.0/(L+1.0))*np.sin(np.outer(ks,rs))\n",
    "\n",
    "# #@jit(nopython=True)\n",
    "# def calc_ys(t,eks,xkrs):\n",
    "#     expeks = np.exp(1j*t*eks)\n",
    "#     return np.einsum(\"ik,k,kj->ij\",xkrs,expeks,xkrs)\n",
    "\n",
    "@jit(nopython=True)\n",
    "def calc_ys(t,eks,xkrs):\n",
    "    xc = (1.0+0.0j)*xkrs # for numba\n",
    "    expeks = np.diag(np.exp(1j*t*eks))\n",
    "    return xc @ expeks @ xc\n",
    "\n",
    "@jit(nopython=True)\n",
    "def calc_fs(ys,state):\n",
    "    diag = (1.0+0.0j)*np.diag(state)\n",
    "    return ys @ diag @ ys.T.conjugate()"
   ]
  },
  {
   "cell_type": "code",
   "execution_count": 4,
   "id": "84a46520-501b-4ddb-bf2a-1799343c3ad4",
   "metadata": {},
   "outputs": [
    {
     "name": "stdout",
     "output_type": "stream",
     "text": [
      "rs [1 2]\n",
      "ks [1.04719755 2.0943951 ]\n",
      "eks [-1.  1.]\n",
      "xkrs [[ 0.70710678  0.70710678]\n",
      " [ 0.70710678 -0.70710678]]\n",
      "xkrs.T [[ 0.70710678  0.70710678]\n",
      " [ 0.70710678 -0.70710678]]\n",
      "xkrs~xkrs.T True\n",
      "ys [[9.95004165e-01-1.62625244e-18j 1.14545220e-17-9.98334166e-02j]\n",
      " [1.26311104e-17-9.98334166e-02j 9.95004165e-01-7.94590319e-17j]]\n",
      "state1 [1. 1.]\n",
      "fs1 [[1.00000000e+00+2.05104213e-37j 3.20603256e-17+1.38777878e-17j]\n",
      " [3.20603256e-17-1.38777878e-17j 1.00000000e+00+4.49162938e-33j]]\n",
      "fs1~I True\n",
      "state2 [1. 0.]\n",
      "fs2 [[9.90033289e-01-8.44236020e-35j 1.27303618e-17+9.93346654e-02j]\n",
      " [1.27303618e-17-9.93346654e-02j 9.96671108e-03+9.30157441e-35j]]\n"
     ]
    }
   ],
   "source": [
    "L = 2\n",
    "J = 1.0\n",
    "t = 0.1\n",
    "\n",
    "rs, ks = calc_rsks(L)\n",
    "print(\"rs\",rs)\n",
    "print(\"ks\",ks)\n",
    "\n",
    "eks = calc_eks(J,ks)\n",
    "print(\"eks\",eks)\n",
    "\n",
    "xkrs = calc_xkrs(L,ks,rs)\n",
    "print(\"xkrs\",xkrs)\n",
    "print(\"xkrs.T\",xkrs.T)\n",
    "print(\"xkrs~xkrs.T\",np.allclose(xkrs,xkrs.T))\n",
    "\n",
    "ys = calc_ys(t,eks,xkrs)\n",
    "print(\"ys\",ys)\n",
    "\n",
    "state1 = np.ones(L,dtype=np.float64)\n",
    "print(\"state1\",state1)\n",
    "fs1 = calc_fs(ys,state1)\n",
    "print(\"fs1\",fs1)\n",
    "print(\"fs1~I\",np.allclose(fs1,np.eye(L)))\n",
    "\n",
    "state2 = np.array([1.0 if i%2==0 else 0.0 for i in range(L)])\n",
    "print(\"state2\",state2)\n",
    "fs2 = calc_fs(ys,state2)\n",
    "print(\"fs2\",fs2)"
   ]
  },
  {
   "cell_type": "code",
   "execution_count": 5,
   "id": "00383845-53bd-4c89-921e-8a7710a56dd5",
   "metadata": {},
   "outputs": [
    {
     "name": "stdout",
     "output_type": "stream",
     "text": [
      "rs [1 2 3 4]\n",
      "ks [0.62831853 1.25663706 1.88495559 2.51327412]\n",
      "eks [-1.61803399 -0.61803399  0.61803399  1.61803399]\n",
      "xkrs [[ 0.37174803  0.60150096  0.60150096  0.37174803]\n",
      " [ 0.60150096  0.37174803 -0.37174803 -0.60150096]\n",
      " [ 0.60150096 -0.37174803 -0.37174803  0.60150096]\n",
      " [ 0.37174803 -0.60150096  0.60150096 -0.37174803]]\n",
      "xkrs.T [[ 0.37174803  0.60150096  0.60150096  0.37174803]\n",
      " [ 0.60150096  0.37174803 -0.37174803 -0.60150096]\n",
      " [ 0.60150096 -0.37174803 -0.37174803  0.60150096]\n",
      " [ 0.37174803 -0.60150096  0.60150096 -0.37174803]]\n",
      "xkrs~xkrs.T True\n",
      "ys [[ 9.95008326e-01+3.55174960e-18j -2.40712241e-17-9.96670831e-02j\n",
      "  -4.98751111e-03-6.09936006e-18j  8.19534984e-17+1.66416825e-04j]\n",
      " [-2.67633433e-17-9.96670831e-02j  9.90020815e-01-1.23010111e-18j\n",
      "   2.63362170e-17-9.95006663e-02j -4.98751111e-03-1.42259991e-17j]\n",
      " [-4.98751111e-03-1.33063497e-17j  2.72084733e-17-9.95006663e-02j\n",
      "   9.90020815e-01-2.72746462e-17j  2.07033967e-16-9.96670831e-02j]\n",
      " [ 8.33012086e-17+1.66416825e-04j -4.98751111e-03-1.06151786e-17j\n",
      "   2.11367643e-16-9.96670831e-02j  9.95008326e-01-5.28337538e-17j]]\n",
      "state1 [1. 1. 1. 1.]\n",
      "fs1 [[ 1.00000000e+00-1.79501071e-35j -5.06277274e-17+1.38777878e-17j\n",
      "   3.98986399e-17+1.01433164e-17j  1.65153354e-16+1.65882932e-17j]\n",
      " [-5.06277274e-17-1.38777878e-17j  1.00000000e+00-6.72701999e-35j\n",
      "   5.76915665e-17-2.77555756e-17j -2.63677968e-16-3.06074155e-17j]\n",
      " [ 3.98986399e-17-1.01433164e-17j  5.76915665e-17+2.77555756e-17j\n",
      "   1.00000000e+00-8.60568594e-34j  4.23745892e-16+4.16333634e-17j]\n",
      " [ 1.65153354e-16-1.65882932e-17j -2.63677968e-16+3.06074155e-17j\n",
      "   4.23745892e-16-4.16333634e-17j  1.00000000e+00-1.17950059e-33j]]\n",
      "fs1~I True\n",
      "state2 [1. 0. 1. 0.]\n",
      "fs2 [[ 9.90066445e-01-2.39352547e-35j -2.65082037e-17+9.86733168e-02j\n",
      "  -9.90035489e-03+7.04768832e-18j  8.24396942e-17-6.62676811e-04j]\n",
      " [-2.65082037e-17-9.86733168e-02j  1.98339100e-02+2.12669357e-35j\n",
      "   3.02469360e-17-9.80106400e-02j  9.90035489e-03-2.67043019e-17j]\n",
      " [-9.90035489e-03-7.04768832e-18j  3.02469360e-17+9.80106400e-02j\n",
      "   9.80166090e-01-1.33562473e-33j  2.11559070e-16+9.86733168e-02j]\n",
      " [ 8.24396942e-17+6.62676811e-04j  9.90035489e-03+2.67043019e-17j\n",
      "   2.11559070e-16-9.86733168e-02j  9.93355514e-03-1.29477486e-33j]]\n"
     ]
    }
   ],
   "source": [
    "L = 4\n",
    "J = 1.0\n",
    "t = 0.1\n",
    "\n",
    "rs, ks = calc_rsks(L)\n",
    "print(\"rs\",rs)\n",
    "print(\"ks\",ks)\n",
    "\n",
    "eks = calc_eks(J,ks)\n",
    "print(\"eks\",eks)\n",
    "\n",
    "xkrs = calc_xkrs(L,ks,rs)\n",
    "print(\"xkrs\",xkrs)\n",
    "print(\"xkrs.T\",xkrs.T)\n",
    "print(\"xkrs~xkrs.T\",np.allclose(xkrs,xkrs.T))\n",
    "\n",
    "ys = calc_ys(t,eks,xkrs)\n",
    "print(\"ys\",ys)\n",
    "\n",
    "state1 = np.ones(L,dtype=np.float64)\n",
    "print(\"state1\",state1)\n",
    "fs1 = calc_fs(ys,state1)\n",
    "print(\"fs1\",fs1)\n",
    "print(\"fs1~I\",np.allclose(fs1,np.eye(L)))\n",
    "\n",
    "state2 = np.array([1.0 if i%2==0 else 0.0 for i in range(L)])\n",
    "print(\"state2\",state2)\n",
    "fs2 = calc_fs(ys,state2)\n",
    "print(\"fs2\",fs2)"
   ]
  },
  {
   "cell_type": "code",
   "execution_count": 6,
   "id": "dbd53250-1122-42ed-8483-977989c9770d",
   "metadata": {},
   "outputs": [
    {
     "name": "stdout",
     "output_type": "stream",
     "text": [
      "rs [1 2 3 4 5 6]\n",
      "ks [0.44879895 0.8975979  1.34639685 1.7951958  2.24399475 2.6927937 ]\n",
      "eks [-1.80193774 -1.2469796  -0.44504187  0.44504187  1.2469796   1.80193774]\n",
      "xkrs [[ 0.23192061  0.41790651  0.52112089  0.52112089  0.41790651  0.23192061]\n",
      " [ 0.41790651  0.52112089  0.23192061 -0.23192061 -0.52112089 -0.41790651]\n",
      " [ 0.52112089  0.23192061 -0.41790651 -0.41790651  0.23192061  0.52112089]\n",
      " [ 0.52112089 -0.23192061 -0.41790651  0.41790651  0.23192061 -0.52112089]\n",
      " [ 0.41790651 -0.52112089  0.23192061  0.23192061 -0.52112089  0.41790651]\n",
      " [ 0.23192061 -0.41790651  0.52112089 -0.52112089  0.41790651 -0.23192061]]\n",
      "xkrs.T [[ 0.23192061  0.41790651  0.52112089  0.52112089  0.41790651  0.23192061]\n",
      " [ 0.41790651  0.52112089  0.23192061 -0.23192061 -0.52112089 -0.41790651]\n",
      " [ 0.52112089  0.23192061 -0.41790651 -0.41790651  0.23192061  0.52112089]\n",
      " [ 0.52112089 -0.23192061 -0.41790651  0.41790651  0.23192061 -0.52112089]\n",
      " [ 0.41790651 -0.52112089  0.23192061  0.23192061 -0.52112089  0.41790651]\n",
      " [ 0.23192061 -0.41790651  0.52112089 -0.52112089  0.41790651 -0.23192061]]\n",
      "xkrs~xkrs.T True\n",
      "ys [[ 9.95008326e-01+9.25009769e-18j  1.23526070e-17-9.96670831e-02j\n",
      "  -4.98751249e-03-2.04314146e-19j  2.17375688e-17+1.66333611e-04j\n",
      "   4.15972693e-06-1.19371789e-17j  1.24241291e-16-8.32341793e-08j]\n",
      " [ 2.16310704e-19-9.96670831e-02j  9.90020814e-01-2.30400691e-17j\n",
      "   7.26635074e-18-9.95007494e-02j -4.98335277e-03+6.43667827e-18j\n",
      "   5.36821961e-17+1.66250377e-04j  4.15972693e-06+8.61144638e-18j]\n",
      " [-4.98751249e-03-5.55357851e-19j  3.50822829e-17-9.95007494e-02j\n",
      "   9.90024974e-01+2.20339385e-18j -7.82881408e-18-9.95008327e-02j\n",
      "  -4.98335277e-03-1.34425973e-17j  5.61176759e-18+1.66333611e-04j]\n",
      " [-2.97912278e-18+1.66333611e-04j -4.98335277e-03+7.81949094e-18j\n",
      "  -5.95531781e-18-9.95008327e-02j  9.90024974e-01-2.60596665e-17j\n",
      "   1.03640946e-16-9.95007494e-02j -4.98751249e-03-2.33443722e-17j]\n",
      " [ 4.15972693e-06-1.19325762e-17j  5.55602303e-17+1.66250377e-04j\n",
      "  -4.98335277e-03-1.27996963e-17j  4.89088815e-17-9.95007494e-02j\n",
      "   9.90020814e-01-2.53933518e-17j  1.43546892e-16-9.96670831e-02j]\n",
      " [ 1.25596191e-16-8.32341793e-08j  4.15972693e-06+4.72613021e-18j\n",
      "   6.45109927e-18+1.66333611e-04j -4.98751249e-03-2.80998027e-17j\n",
      "   1.57082402e-16-9.96670831e-02j  9.95008326e-01-8.96198308e-17j]]\n",
      "state1 [1. 1. 1. 1. 1. 1.]\n",
      "fs1 [[ 1.00000000e+00+0.00000000e+00j  1.36945631e-17-1.38777878e-17j\n",
      "   3.64291930e-17+2.48190023e-19j  1.83313527e-17+1.32272665e-17j\n",
      "   2.48485585e-17+9.00649579e-18j  2.49164491e-16+5.43032822e-18j]\n",
      " [ 1.36945631e-17+1.38777878e-17j  1.00000000e+00+0.00000000e+00j\n",
      "   4.31838583e-17-2.77555756e-17j -1.85615412e-16+5.54421326e-18j\n",
      "   1.08829013e-16-1.09504419e-17j -3.43082225e-17-4.06680463e-18j]\n",
      " [ 3.64291930e-17-2.48190023e-19j  4.31838583e-17+2.77555756e-17j\n",
      "   1.00000000e+00+0.00000000e+00j -1.14218250e-17+4.16333634e-17j\n",
      "  -7.45931095e-17-1.14298518e-17j  1.42514320e-17+1.27935856e-17j]\n",
      " [ 1.83313527e-17-1.32272665e-17j -1.85615412e-16-5.54421326e-18j\n",
      "  -1.14218250e-17-4.16333634e-17j  1.00000000e+00+0.00000000e+00j\n",
      "   1.58783730e-16-1.38777878e-17j -2.04697370e-16-1.62199536e-18j]\n",
      " [ 2.48485585e-17-9.00649579e-18j  1.08829013e-16+1.09504419e-17j\n",
      "  -7.45931095e-17+1.14298518e-17j  1.58783730e-16+1.38777878e-17j\n",
      "   1.00000000e+00+0.00000000e+00j  3.12327509e-16+4.16333634e-17j]\n",
      " [ 2.49164491e-16-5.43032822e-18j -3.43082225e-17+4.06680463e-18j\n",
      "   1.42514320e-17-1.27935856e-17j -2.04697370e-16+1.62199536e-18j\n",
      "   3.12327509e-16-4.16333634e-17j  1.00000000e+00+0.00000000e+00j]]\n",
      "fs1~I True\n",
      "state2 [1. 0. 1. 0. 1. 0.]\n",
      "fs2 [[ 9.90066445e-01+0.00000000e+00j -7.24372165e-19+9.86733156e-02j\n",
      "  -9.90039911e-03+3.74707145e-19j -1.72449236e-18-6.61351078e-04j\n",
      "   3.31117134e-05-7.71923881e-21j  1.26127443e-16+1.32699751e-06j]\n",
      " [-7.24372165e-19-9.86733156e-02j  1.98339542e-02+0.00000000e+00j\n",
      "   6.75914925e-18-9.80119645e-02j  9.86728740e-03+6.97110012e-18j\n",
      "   5.55689243e-17+6.60024080e-04j -3.31117134e-05-7.78444092e-18j]\n",
      " [-9.90039911e-03-3.74707145e-19j  6.75914925e-18+9.80119645e-02j\n",
      "   9.80199157e-01+0.00000000e+00j -5.27931773e-18+9.80132915e-02j\n",
      "  -9.86728740e-03-8.33472642e-19j  6.31769079e-18-6.61351078e-04j]\n",
      " [-1.72449236e-18+6.61351078e-04j  9.86728740e-03-6.97110012e-18j\n",
      "  -5.27931773e-18-9.80132915e-02j  1.98008425e-02+0.00000000e+00j\n",
      "   1.06434612e-16-9.80119645e-02j  9.90039911e-03-5.92023449e-18j]\n",
      " [ 3.31117134e-05+7.71923881e-21j  5.55689243e-17-6.60024080e-04j\n",
      "  -9.86728740e-03+8.33472642e-19j  1.06434612e-16+9.80119645e-02j\n",
      "   9.80166046e-01+0.00000000e+00j  1.58011975e-16+9.86733156e-02j]\n",
      " [ 1.26127443e-16-1.32699751e-06j -3.31117134e-05+7.78444092e-18j\n",
      "   6.31769079e-18+6.61351078e-04j  9.90039911e-03+5.92023449e-18j\n",
      "   1.58011975e-16-9.86733156e-02j  9.93355511e-03+0.00000000e+00j]]\n"
     ]
    }
   ],
   "source": [
    "L = 6\n",
    "J = 1.0\n",
    "t = 0.1\n",
    "\n",
    "rs, ks = calc_rsks(L)\n",
    "print(\"rs\",rs)\n",
    "print(\"ks\",ks)\n",
    "\n",
    "eks = calc_eks(J,ks)\n",
    "print(\"eks\",eks)\n",
    "\n",
    "xkrs = calc_xkrs(L,ks,rs)\n",
    "print(\"xkrs\",xkrs)\n",
    "print(\"xkrs.T\",xkrs.T)\n",
    "print(\"xkrs~xkrs.T\",np.allclose(xkrs,xkrs.T))\n",
    "\n",
    "ys = calc_ys(t,eks,xkrs)\n",
    "print(\"ys\",ys)\n",
    "\n",
    "state1 = np.ones(L,dtype=np.float64)\n",
    "print(\"state1\",state1)\n",
    "fs1 = calc_fs(ys,state1)\n",
    "print(\"fs1\",fs1)\n",
    "print(\"fs1~I\",np.allclose(fs1,np.eye(L)))\n",
    "\n",
    "state2 = np.array([1.0 if i%2==0 else 0.0 for i in range(L)])\n",
    "print(\"state2\",state2)\n",
    "fs2 = calc_fs(ys,state2)\n",
    "print(\"fs2\",fs2)"
   ]
  },
  {
   "cell_type": "code",
   "execution_count": null,
   "id": "042172ab-4dfd-4779-b0bc-5f148b1a616e",
   "metadata": {},
   "outputs": [],
   "source": []
  }
 ],
 "metadata": {
  "kernelspec": {
   "display_name": "Python 3 (ipykernel)",
   "language": "python",
   "name": "python3"
  },
  "language_info": {
   "codemirror_mode": {
    "name": "ipython",
    "version": 3
   },
   "file_extension": ".py",
   "mimetype": "text/x-python",
   "name": "python",
   "nbconvert_exporter": "python",
   "pygments_lexer": "ipython3",
   "version": "3.8.12"
  }
 },
 "nbformat": 4,
 "nbformat_minor": 5
}
